{
 "cells": [
  {
   "cell_type": "markdown",
   "id": "86199219",
   "metadata": {},
   "source": [
    "### Import Dependencies"
   ]
  },
  {
   "cell_type": "code",
   "execution_count": 36,
   "id": "73c509d6",
   "metadata": {},
   "outputs": [],
   "source": [
    "import pandas as pd\n",
    "import numpy as np\n",
    "import matplotlib.pyplot as plt"
   ]
  },
  {
   "cell_type": "markdown",
   "id": "de0039a7",
   "metadata": {},
   "source": [
    "### Loading all data"
   ]
  },
  {
   "cell_type": "code",
   "execution_count": 37,
   "id": "77fe56b9",
   "metadata": {},
   "outputs": [],
   "source": [
    "df = pd.read_csv(\"../Resources/emissions_since1961_total_data.csv\")"
   ]
  },
  {
   "cell_type": "markdown",
   "id": "75f0cde8",
   "metadata": {},
   "source": [
    "### Initial Exploration"
   ]
  },
  {
   "cell_type": "code",
   "execution_count": 38,
   "id": "8e4bf730",
   "metadata": {},
   "outputs": [
    {
     "data": {
      "text/html": [
       "<div>\n",
       "<style scoped>\n",
       "    .dataframe tbody tr th:only-of-type {\n",
       "        vertical-align: middle;\n",
       "    }\n",
       "\n",
       "    .dataframe tbody tr th {\n",
       "        vertical-align: top;\n",
       "    }\n",
       "\n",
       "    .dataframe thead th {\n",
       "        text-align: right;\n",
       "    }\n",
       "</style>\n",
       "<table border=\"1\" class=\"dataframe\">\n",
       "  <thead>\n",
       "    <tr style=\"text-align: right;\">\n",
       "      <th></th>\n",
       "      <th>country</th>\n",
       "      <th>country_code</th>\n",
       "      <th>year</th>\n",
       "      <th>total</th>\n",
       "      <th>coal</th>\n",
       "      <th>oil</th>\n",
       "      <th>gas</th>\n",
       "      <th>cement</th>\n",
       "      <th>flaring</th>\n",
       "      <th>other</th>\n",
       "      <th>population</th>\n",
       "      <th>per_capita</th>\n",
       "      <th>temp_change</th>\n",
       "    </tr>\n",
       "  </thead>\n",
       "  <tbody>\n",
       "    <tr>\n",
       "      <th>0</th>\n",
       "      <td>Australia</td>\n",
       "      <td>AUS</td>\n",
       "      <td>1961</td>\n",
       "      <td>90.503896</td>\n",
       "      <td>59.974780</td>\n",
       "      <td>29.115323</td>\n",
       "      <td>0.000000</td>\n",
       "      <td>1.413794</td>\n",
       "      <td>0.0</td>\n",
       "      <td>NaN</td>\n",
       "      <td>10483000</td>\n",
       "      <td>8.614547</td>\n",
       "      <td>0.151</td>\n",
       "    </tr>\n",
       "    <tr>\n",
       "      <th>1</th>\n",
       "      <td>Australia</td>\n",
       "      <td>AUS</td>\n",
       "      <td>1962</td>\n",
       "      <td>94.823455</td>\n",
       "      <td>61.485584</td>\n",
       "      <td>31.884128</td>\n",
       "      <td>0.003664</td>\n",
       "      <td>1.450079</td>\n",
       "      <td>0.0</td>\n",
       "      <td>NaN</td>\n",
       "      <td>10742000</td>\n",
       "      <td>8.852126</td>\n",
       "      <td>0.118</td>\n",
       "    </tr>\n",
       "    <tr>\n",
       "      <th>2</th>\n",
       "      <td>Australia</td>\n",
       "      <td>AUS</td>\n",
       "      <td>1963</td>\n",
       "      <td>100.934264</td>\n",
       "      <td>63.727952</td>\n",
       "      <td>35.658048</td>\n",
       "      <td>0.007328</td>\n",
       "      <td>1.540936</td>\n",
       "      <td>0.0</td>\n",
       "      <td>NaN</td>\n",
       "      <td>10950000</td>\n",
       "      <td>9.245287</td>\n",
       "      <td>-0.111</td>\n",
       "    </tr>\n",
       "    <tr>\n",
       "      <th>3</th>\n",
       "      <td>Australia</td>\n",
       "      <td>AUS</td>\n",
       "      <td>1964</td>\n",
       "      <td>108.875767</td>\n",
       "      <td>67.133213</td>\n",
       "      <td>39.943584</td>\n",
       "      <td>0.007328</td>\n",
       "      <td>1.791642</td>\n",
       "      <td>0.0</td>\n",
       "      <td>NaN</td>\n",
       "      <td>11167000</td>\n",
       "      <td>9.780775</td>\n",
       "      <td>-0.029</td>\n",
       "    </tr>\n",
       "    <tr>\n",
       "      <th>4</th>\n",
       "      <td>Australia</td>\n",
       "      <td>AUS</td>\n",
       "      <td>1965</td>\n",
       "      <td>120.852669</td>\n",
       "      <td>71.059616</td>\n",
       "      <td>47.906800</td>\n",
       "      <td>0.007328</td>\n",
       "      <td>1.878925</td>\n",
       "      <td>0.0</td>\n",
       "      <td>NaN</td>\n",
       "      <td>11388000</td>\n",
       "      <td>10.638962</td>\n",
       "      <td>0.121</td>\n",
       "    </tr>\n",
       "  </tbody>\n",
       "</table>\n",
       "</div>"
      ],
      "text/plain": [
       "     country country_code  year       total       coal        oil       gas  \\\n",
       "0  Australia          AUS  1961   90.503896  59.974780  29.115323  0.000000   \n",
       "1  Australia          AUS  1962   94.823455  61.485584  31.884128  0.003664   \n",
       "2  Australia          AUS  1963  100.934264  63.727952  35.658048  0.007328   \n",
       "3  Australia          AUS  1964  108.875767  67.133213  39.943584  0.007328   \n",
       "4  Australia          AUS  1965  120.852669  71.059616  47.906800  0.007328   \n",
       "\n",
       "     cement  flaring  other  population  per_capita  temp_change  \n",
       "0  1.413794      0.0    NaN    10483000    8.614547        0.151  \n",
       "1  1.450079      0.0    NaN    10742000    8.852126        0.118  \n",
       "2  1.540936      0.0    NaN    10950000    9.245287       -0.111  \n",
       "3  1.791642      0.0    NaN    11167000    9.780775       -0.029  \n",
       "4  1.878925      0.0    NaN    11388000   10.638962        0.121  "
      ]
     },
     "execution_count": 38,
     "metadata": {},
     "output_type": "execute_result"
    }
   ],
   "source": [
    "df.head()"
   ]
  },
  {
   "cell_type": "code",
   "execution_count": 39,
   "id": "c0896625",
   "metadata": {},
   "outputs": [
    {
     "name": "stdout",
     "output_type": "stream",
     "text": [
      "46\n",
      "['Australia' 'Austria' 'Belarus' 'Belgium' 'Brazil' 'Bulgaria' 'Canada'\n",
      " 'China' 'Croatia' 'Cyprus' 'Czech Republic' 'Denmark' 'Estonia' 'Finland'\n",
      " 'France' 'Germany' 'Greece' 'Hungary' 'Iceland' 'Ireland' 'Italy' 'Japan'\n",
      " 'Kazakhstan' 'Latvia' 'Liechtenstein' 'Lithuania' 'Luxembourg' 'Malta'\n",
      " 'Netherlands' 'New Zealand' 'Norway' 'Poland' 'Portugal' 'South Korea'\n",
      " 'Romania' 'Russia' 'Slovakia' 'Slovenia' 'Spain' 'Sweden' 'Switzerland'\n",
      " 'Turkey' 'Ukraine' 'United Kingdom' 'USA' 'Global']\n"
     ]
    }
   ],
   "source": [
    "# How many and which countries are in our dataset?\n",
    "print(len(df['country'].unique()))\n",
    "print(df['country'].unique())"
   ]
  },
  {
   "cell_type": "code",
   "execution_count": 40,
   "id": "3a8faf99",
   "metadata": {},
   "outputs": [
    {
     "name": "stdout",
     "output_type": "stream",
     "text": [
      "<class 'pandas.core.frame.DataFrame'>\n",
      "RangeIndex: 2806 entries, 0 to 2805\n",
      "Data columns (total 13 columns):\n",
      " #   Column        Non-Null Count  Dtype  \n",
      "---  ------        --------------  -----  \n",
      " 0   country       2806 non-null   object \n",
      " 1   country_code  2806 non-null   object \n",
      " 2   year          2806 non-null   int64  \n",
      " 3   total         2806 non-null   float64\n",
      " 4   coal          2777 non-null   float64\n",
      " 5   oil           2777 non-null   float64\n",
      " 6   gas           2777 non-null   float64\n",
      " 7   cement        2776 non-null   float64\n",
      " 8   flaring       2777 non-null   float64\n",
      " 9   other         1530 non-null   float64\n",
      " 10  population    2806 non-null   int64  \n",
      " 11  per_capita    2806 non-null   float64\n",
      " 12  temp_change   2385 non-null   float64\n",
      "dtypes: float64(9), int64(2), object(2)\n",
      "memory usage: 285.1+ KB\n"
     ]
    }
   ],
   "source": [
    "df.info()"
   ]
  },
  {
   "cell_type": "code",
   "execution_count": 125,
   "id": "f04c116b",
   "metadata": {},
   "outputs": [
    {
     "data": {
      "text/html": [
       "<div>\n",
       "<style scoped>\n",
       "    .dataframe tbody tr th:only-of-type {\n",
       "        vertical-align: middle;\n",
       "    }\n",
       "\n",
       "    .dataframe tbody tr th {\n",
       "        vertical-align: top;\n",
       "    }\n",
       "\n",
       "    .dataframe thead th {\n",
       "        text-align: right;\n",
       "    }\n",
       "</style>\n",
       "<table border=\"1\" class=\"dataframe\">\n",
       "  <thead>\n",
       "    <tr style=\"text-align: right;\">\n",
       "      <th></th>\n",
       "      <th>year</th>\n",
       "      <th>total</th>\n",
       "      <th>coal</th>\n",
       "      <th>oil</th>\n",
       "      <th>gas</th>\n",
       "      <th>cement</th>\n",
       "      <th>flaring</th>\n",
       "      <th>other</th>\n",
       "      <th>population</th>\n",
       "      <th>per_capita</th>\n",
       "      <th>temp_change</th>\n",
       "    </tr>\n",
       "  </thead>\n",
       "  <tbody>\n",
       "    <tr>\n",
       "      <th>count</th>\n",
       "      <td>2806.000000</td>\n",
       "      <td>2806.000000</td>\n",
       "      <td>2777.000000</td>\n",
       "      <td>2777.000000</td>\n",
       "      <td>2777.000000</td>\n",
       "      <td>2776.000000</td>\n",
       "      <td>2777.000000</td>\n",
       "      <td>1530.000000</td>\n",
       "      <td>2.806000e+03</td>\n",
       "      <td>2806.000000</td>\n",
       "      <td>2385.000000</td>\n",
       "    </tr>\n",
       "    <tr>\n",
       "      <th>mean</th>\n",
       "      <td>1991.000000</td>\n",
       "      <td>900.237980</td>\n",
       "      <td>375.246746</td>\n",
       "      <td>338.624564</td>\n",
       "      <td>153.547192</td>\n",
       "      <td>26.687746</td>\n",
       "      <td>8.738808</td>\n",
       "      <td>11.426242</td>\n",
       "      <td>1.713725e+08</td>\n",
       "      <td>8.572540</td>\n",
       "      <td>0.699425</td>\n",
       "    </tr>\n",
       "    <tr>\n",
       "      <th>std</th>\n",
       "      <td>17.609955</td>\n",
       "      <td>3724.128582</td>\n",
       "      <td>1545.654517</td>\n",
       "      <td>1400.580491</td>\n",
       "      <td>673.491443</td>\n",
       "      <td>135.001364</td>\n",
       "      <td>44.621170</td>\n",
       "      <td>40.111501</td>\n",
       "      <td>8.261415e+08</td>\n",
       "      <td>5.280893</td>\n",
       "      <td>0.835712</td>\n",
       "    </tr>\n",
       "    <tr>\n",
       "      <th>min</th>\n",
       "      <td>1961.000000</td>\n",
       "      <td>0.000000</td>\n",
       "      <td>0.000000</td>\n",
       "      <td>0.093291</td>\n",
       "      <td>0.000000</td>\n",
       "      <td>0.000000</td>\n",
       "      <td>0.000000</td>\n",
       "      <td>0.000000</td>\n",
       "      <td>1.683400e+04</td>\n",
       "      <td>0.000000</td>\n",
       "      <td>-1.796000</td>\n",
       "    </tr>\n",
       "    <tr>\n",
       "      <th>25%</th>\n",
       "      <td>1976.000000</td>\n",
       "      <td>28.770056</td>\n",
       "      <td>5.539509</td>\n",
       "      <td>12.526465</td>\n",
       "      <td>1.418081</td>\n",
       "      <td>0.746420</td>\n",
       "      <td>0.000000</td>\n",
       "      <td>0.464087</td>\n",
       "      <td>4.309815e+06</td>\n",
       "      <td>5.201574</td>\n",
       "      <td>0.060000</td>\n",
       "    </tr>\n",
       "    <tr>\n",
       "      <th>50%</th>\n",
       "      <td>1991.000000</td>\n",
       "      <td>72.585842</td>\n",
       "      <td>25.886478</td>\n",
       "      <td>34.162422</td>\n",
       "      <td>8.681269</td>\n",
       "      <td>2.014171</td>\n",
       "      <td>0.085439</td>\n",
       "      <td>1.173717</td>\n",
       "      <td>1.010999e+07</td>\n",
       "      <td>7.680242</td>\n",
       "      <td>0.662000</td>\n",
       "    </tr>\n",
       "    <tr>\n",
       "      <th>75%</th>\n",
       "      <td>2006.000000</td>\n",
       "      <td>349.574205</td>\n",
       "      <td>120.367379</td>\n",
       "      <td>141.796800</td>\n",
       "      <td>50.878304</td>\n",
       "      <td>7.651311</td>\n",
       "      <td>1.245688</td>\n",
       "      <td>4.444454</td>\n",
       "      <td>4.740435e+07</td>\n",
       "      <td>10.832638</td>\n",
       "      <td>1.296000</td>\n",
       "    </tr>\n",
       "    <tr>\n",
       "      <th>max</th>\n",
       "      <td>2021.000000</td>\n",
       "      <td>37123.850352</td>\n",
       "      <td>15051.512770</td>\n",
       "      <td>12345.653374</td>\n",
       "      <td>7921.829472</td>\n",
       "      <td>1672.592372</td>\n",
       "      <td>439.253991</td>\n",
       "      <td>306.638573</td>\n",
       "      <td>7.888409e+09</td>\n",
       "      <td>41.048885</td>\n",
       "      <td>3.693000</td>\n",
       "    </tr>\n",
       "  </tbody>\n",
       "</table>\n",
       "</div>"
      ],
      "text/plain": [
       "              year         total          coal           oil          gas  \\\n",
       "count  2806.000000   2806.000000   2777.000000   2777.000000  2777.000000   \n",
       "mean   1991.000000    900.237980    375.246746    338.624564   153.547192   \n",
       "std      17.609955   3724.128582   1545.654517   1400.580491   673.491443   \n",
       "min    1961.000000      0.000000      0.000000      0.093291     0.000000   \n",
       "25%    1976.000000     28.770056      5.539509     12.526465     1.418081   \n",
       "50%    1991.000000     72.585842     25.886478     34.162422     8.681269   \n",
       "75%    2006.000000    349.574205    120.367379    141.796800    50.878304   \n",
       "max    2021.000000  37123.850352  15051.512770  12345.653374  7921.829472   \n",
       "\n",
       "            cement      flaring        other    population   per_capita  \\\n",
       "count  2776.000000  2777.000000  1530.000000  2.806000e+03  2806.000000   \n",
       "mean     26.687746     8.738808    11.426242  1.713725e+08     8.572540   \n",
       "std     135.001364    44.621170    40.111501  8.261415e+08     5.280893   \n",
       "min       0.000000     0.000000     0.000000  1.683400e+04     0.000000   \n",
       "25%       0.746420     0.000000     0.464087  4.309815e+06     5.201574   \n",
       "50%       2.014171     0.085439     1.173717  1.010999e+07     7.680242   \n",
       "75%       7.651311     1.245688     4.444454  4.740435e+07    10.832638   \n",
       "max    1672.592372   439.253991   306.638573  7.888409e+09    41.048885   \n",
       "\n",
       "       temp_change  \n",
       "count  2385.000000  \n",
       "mean      0.699425  \n",
       "std       0.835712  \n",
       "min      -1.796000  \n",
       "25%       0.060000  \n",
       "50%       0.662000  \n",
       "75%       1.296000  \n",
       "max       3.693000  "
      ]
     },
     "execution_count": 125,
     "metadata": {},
     "output_type": "execute_result"
    }
   ],
   "source": [
    "df.describe()"
   ]
  },
  {
   "cell_type": "code",
   "execution_count": 132,
   "id": "7da8e83b",
   "metadata": {},
   "outputs": [
    {
     "data": {
      "text/html": [
       "<div>\n",
       "<style scoped>\n",
       "    .dataframe tbody tr th:only-of-type {\n",
       "        vertical-align: middle;\n",
       "    }\n",
       "\n",
       "    .dataframe tbody tr th {\n",
       "        vertical-align: top;\n",
       "    }\n",
       "\n",
       "    .dataframe thead th {\n",
       "        text-align: right;\n",
       "    }\n",
       "</style>\n",
       "<table border=\"1\" class=\"dataframe\">\n",
       "  <thead>\n",
       "    <tr style=\"text-align: right;\">\n",
       "      <th></th>\n",
       "      <th>year</th>\n",
       "      <th>total</th>\n",
       "      <th>coal</th>\n",
       "      <th>oil</th>\n",
       "      <th>gas</th>\n",
       "      <th>cement</th>\n",
       "      <th>flaring</th>\n",
       "      <th>other</th>\n",
       "      <th>population</th>\n",
       "      <th>per_capita</th>\n",
       "      <th>temp_change</th>\n",
       "    </tr>\n",
       "  </thead>\n",
       "  <tbody>\n",
       "    <tr>\n",
       "      <th>year</th>\n",
       "      <td>1.000000</td>\n",
       "      <td>0.080035</td>\n",
       "      <td>-0.009109</td>\n",
       "      <td>0.050395</td>\n",
       "      <td>0.374316</td>\n",
       "      <td>0.025270</td>\n",
       "      <td>0.457119</td>\n",
       "      <td>-0.104780</td>\n",
       "      <td>0.057761</td>\n",
       "      <td>0.055950</td>\n",
       "      <td>0.731897</td>\n",
       "    </tr>\n",
       "    <tr>\n",
       "      <th>total</th>\n",
       "      <td>0.080035</td>\n",
       "      <td>1.000000</td>\n",
       "      <td>0.939691</td>\n",
       "      <td>0.947832</td>\n",
       "      <td>0.827998</td>\n",
       "      <td>0.897914</td>\n",
       "      <td>0.510539</td>\n",
       "      <td>0.967816</td>\n",
       "      <td>0.947924</td>\n",
       "      <td>0.294471</td>\n",
       "      <td>-0.023445</td>\n",
       "    </tr>\n",
       "    <tr>\n",
       "      <th>coal</th>\n",
       "      <td>-0.009109</td>\n",
       "      <td>0.939691</td>\n",
       "      <td>1.000000</td>\n",
       "      <td>0.822114</td>\n",
       "      <td>0.733066</td>\n",
       "      <td>0.827194</td>\n",
       "      <td>0.426824</td>\n",
       "      <td>0.933945</td>\n",
       "      <td>0.872992</td>\n",
       "      <td>0.331741</td>\n",
       "      <td>-0.069692</td>\n",
       "    </tr>\n",
       "    <tr>\n",
       "      <th>oil</th>\n",
       "      <td>0.050395</td>\n",
       "      <td>0.947832</td>\n",
       "      <td>0.822114</td>\n",
       "      <td>1.000000</td>\n",
       "      <td>0.768389</td>\n",
       "      <td>0.892424</td>\n",
       "      <td>0.504267</td>\n",
       "      <td>0.922152</td>\n",
       "      <td>0.915117</td>\n",
       "      <td>0.207481</td>\n",
       "      <td>-0.075530</td>\n",
       "    </tr>\n",
       "    <tr>\n",
       "      <th>gas</th>\n",
       "      <td>0.374316</td>\n",
       "      <td>0.827998</td>\n",
       "      <td>0.733066</td>\n",
       "      <td>0.768389</td>\n",
       "      <td>1.000000</td>\n",
       "      <td>0.686472</td>\n",
       "      <td>0.664902</td>\n",
       "      <td>0.879159</td>\n",
       "      <td>0.749594</td>\n",
       "      <td>0.302177</td>\n",
       "      <td>0.221404</td>\n",
       "    </tr>\n",
       "    <tr>\n",
       "      <th>cement</th>\n",
       "      <td>0.025270</td>\n",
       "      <td>0.897914</td>\n",
       "      <td>0.827194</td>\n",
       "      <td>0.892424</td>\n",
       "      <td>0.686472</td>\n",
       "      <td>1.000000</td>\n",
       "      <td>0.368549</td>\n",
       "      <td>0.894006</td>\n",
       "      <td>0.919381</td>\n",
       "      <td>0.045550</td>\n",
       "      <td>-0.096790</td>\n",
       "    </tr>\n",
       "    <tr>\n",
       "      <th>flaring</th>\n",
       "      <td>0.457119</td>\n",
       "      <td>0.510539</td>\n",
       "      <td>0.426824</td>\n",
       "      <td>0.504267</td>\n",
       "      <td>0.664902</td>\n",
       "      <td>0.368549</td>\n",
       "      <td>1.000000</td>\n",
       "      <td>0.614638</td>\n",
       "      <td>0.473829</td>\n",
       "      <td>0.201572</td>\n",
       "      <td>0.304657</td>\n",
       "    </tr>\n",
       "    <tr>\n",
       "      <th>other</th>\n",
       "      <td>-0.104780</td>\n",
       "      <td>0.967816</td>\n",
       "      <td>0.933945</td>\n",
       "      <td>0.922152</td>\n",
       "      <td>0.879159</td>\n",
       "      <td>0.894006</td>\n",
       "      <td>0.614638</td>\n",
       "      <td>1.000000</td>\n",
       "      <td>0.954581</td>\n",
       "      <td>0.133669</td>\n",
       "      <td>-0.179570</td>\n",
       "    </tr>\n",
       "    <tr>\n",
       "      <th>population</th>\n",
       "      <td>0.057761</td>\n",
       "      <td>0.947924</td>\n",
       "      <td>0.872992</td>\n",
       "      <td>0.915117</td>\n",
       "      <td>0.749594</td>\n",
       "      <td>0.919381</td>\n",
       "      <td>0.473829</td>\n",
       "      <td>0.954581</td>\n",
       "      <td>1.000000</td>\n",
       "      <td>0.041772</td>\n",
       "      <td>-0.047317</td>\n",
       "    </tr>\n",
       "    <tr>\n",
       "      <th>per_capita</th>\n",
       "      <td>0.055950</td>\n",
       "      <td>0.294471</td>\n",
       "      <td>0.331741</td>\n",
       "      <td>0.207481</td>\n",
       "      <td>0.302177</td>\n",
       "      <td>0.045550</td>\n",
       "      <td>0.201572</td>\n",
       "      <td>0.133669</td>\n",
       "      <td>0.041772</td>\n",
       "      <td>1.000000</td>\n",
       "      <td>0.073002</td>\n",
       "    </tr>\n",
       "    <tr>\n",
       "      <th>temp_change</th>\n",
       "      <td>0.731897</td>\n",
       "      <td>-0.023445</td>\n",
       "      <td>-0.069692</td>\n",
       "      <td>-0.075530</td>\n",
       "      <td>0.221404</td>\n",
       "      <td>-0.096790</td>\n",
       "      <td>0.304657</td>\n",
       "      <td>-0.179570</td>\n",
       "      <td>-0.047317</td>\n",
       "      <td>0.073002</td>\n",
       "      <td>1.000000</td>\n",
       "    </tr>\n",
       "  </tbody>\n",
       "</table>\n",
       "</div>"
      ],
      "text/plain": [
       "                 year     total      coal       oil       gas    cement  \\\n",
       "year         1.000000  0.080035 -0.009109  0.050395  0.374316  0.025270   \n",
       "total        0.080035  1.000000  0.939691  0.947832  0.827998  0.897914   \n",
       "coal        -0.009109  0.939691  1.000000  0.822114  0.733066  0.827194   \n",
       "oil          0.050395  0.947832  0.822114  1.000000  0.768389  0.892424   \n",
       "gas          0.374316  0.827998  0.733066  0.768389  1.000000  0.686472   \n",
       "cement       0.025270  0.897914  0.827194  0.892424  0.686472  1.000000   \n",
       "flaring      0.457119  0.510539  0.426824  0.504267  0.664902  0.368549   \n",
       "other       -0.104780  0.967816  0.933945  0.922152  0.879159  0.894006   \n",
       "population   0.057761  0.947924  0.872992  0.915117  0.749594  0.919381   \n",
       "per_capita   0.055950  0.294471  0.331741  0.207481  0.302177  0.045550   \n",
       "temp_change  0.731897 -0.023445 -0.069692 -0.075530  0.221404 -0.096790   \n",
       "\n",
       "              flaring     other  population  per_capita  temp_change  \n",
       "year         0.457119 -0.104780    0.057761    0.055950     0.731897  \n",
       "total        0.510539  0.967816    0.947924    0.294471    -0.023445  \n",
       "coal         0.426824  0.933945    0.872992    0.331741    -0.069692  \n",
       "oil          0.504267  0.922152    0.915117    0.207481    -0.075530  \n",
       "gas          0.664902  0.879159    0.749594    0.302177     0.221404  \n",
       "cement       0.368549  0.894006    0.919381    0.045550    -0.096790  \n",
       "flaring      1.000000  0.614638    0.473829    0.201572     0.304657  \n",
       "other        0.614638  1.000000    0.954581    0.133669    -0.179570  \n",
       "population   0.473829  0.954581    1.000000    0.041772    -0.047317  \n",
       "per_capita   0.201572  0.133669    0.041772    1.000000     0.073002  \n",
       "temp_change  0.304657 -0.179570   -0.047317    0.073002     1.000000  "
      ]
     },
     "execution_count": 132,
     "metadata": {},
     "output_type": "execute_result"
    }
   ],
   "source": [
    "df.corr(method='spearman')"
   ]
  },
  {
   "cell_type": "code",
   "execution_count": 133,
   "id": "9b4316c9",
   "metadata": {},
   "outputs": [
    {
     "data": {
      "text/plain": [
       "temp_change    1.000000\n",
       "year           0.731897\n",
       "flaring        0.304657\n",
       "gas            0.221404\n",
       "other          0.179570\n",
       "cement         0.096790\n",
       "oil            0.075530\n",
       "per_capita     0.073002\n",
       "coal           0.069692\n",
       "population     0.047317\n",
       "total          0.023445\n",
       "Name: temp_change, dtype: float64"
      ]
     },
     "execution_count": 133,
     "metadata": {},
     "output_type": "execute_result"
    }
   ],
   "source": [
    "corr_matrix = df.corr(method='spearman')\n",
    "np.abs(corr_matrix['temp_change']).sort_values(ascending=False)"
   ]
  },
  {
   "cell_type": "code",
   "execution_count": 134,
   "id": "b6317644",
   "metadata": {},
   "outputs": [
    {
     "data": {
      "text/html": [
       "<div>\n",
       "<style scoped>\n",
       "    .dataframe tbody tr th:only-of-type {\n",
       "        vertical-align: middle;\n",
       "    }\n",
       "\n",
       "    .dataframe tbody tr th {\n",
       "        vertical-align: top;\n",
       "    }\n",
       "\n",
       "    .dataframe thead th {\n",
       "        text-align: right;\n",
       "    }\n",
       "</style>\n",
       "<table border=\"1\" class=\"dataframe\">\n",
       "  <thead>\n",
       "    <tr style=\"text-align: right;\">\n",
       "      <th></th>\n",
       "      <th>year</th>\n",
       "      <th>total</th>\n",
       "      <th>coal</th>\n",
       "      <th>oil</th>\n",
       "      <th>gas</th>\n",
       "      <th>cement</th>\n",
       "      <th>flaring</th>\n",
       "      <th>other</th>\n",
       "      <th>population</th>\n",
       "      <th>per_capita</th>\n",
       "      <th>temp_change</th>\n",
       "    </tr>\n",
       "  </thead>\n",
       "  <tbody>\n",
       "    <tr>\n",
       "      <th>year</th>\n",
       "      <td>1.000000</td>\n",
       "      <td>0.789371</td>\n",
       "      <td>0.503332</td>\n",
       "      <td>0.578318</td>\n",
       "      <td>0.887520</td>\n",
       "      <td>0.560346</td>\n",
       "      <td>0.747577</td>\n",
       "      <td>0.790370</td>\n",
       "      <td>1.000000</td>\n",
       "      <td>-0.371126</td>\n",
       "      <td>0.792702</td>\n",
       "    </tr>\n",
       "    <tr>\n",
       "      <th>total</th>\n",
       "      <td>0.789371</td>\n",
       "      <td>1.000000</td>\n",
       "      <td>0.867266</td>\n",
       "      <td>0.836912</td>\n",
       "      <td>0.733527</td>\n",
       "      <td>0.655323</td>\n",
       "      <td>0.540330</td>\n",
       "      <td>0.842116</td>\n",
       "      <td>0.789371</td>\n",
       "      <td>0.096616</td>\n",
       "      <td>0.637017</td>\n",
       "    </tr>\n",
       "    <tr>\n",
       "      <th>coal</th>\n",
       "      <td>0.503332</td>\n",
       "      <td>0.867266</td>\n",
       "      <td>1.000000</td>\n",
       "      <td>0.631782</td>\n",
       "      <td>0.356478</td>\n",
       "      <td>0.383982</td>\n",
       "      <td>0.206349</td>\n",
       "      <td>0.584574</td>\n",
       "      <td>0.503332</td>\n",
       "      <td>0.273295</td>\n",
       "      <td>0.407298</td>\n",
       "    </tr>\n",
       "    <tr>\n",
       "      <th>oil</th>\n",
       "      <td>0.578318</td>\n",
       "      <td>0.836912</td>\n",
       "      <td>0.631782</td>\n",
       "      <td>1.000000</td>\n",
       "      <td>0.650079</td>\n",
       "      <td>0.688507</td>\n",
       "      <td>0.282103</td>\n",
       "      <td>0.680769</td>\n",
       "      <td>0.578318</td>\n",
       "      <td>0.367848</td>\n",
       "      <td>0.479006</td>\n",
       "    </tr>\n",
       "    <tr>\n",
       "      <th>gas</th>\n",
       "      <td>0.887520</td>\n",
       "      <td>0.733527</td>\n",
       "      <td>0.356478</td>\n",
       "      <td>0.650079</td>\n",
       "      <td>1.000000</td>\n",
       "      <td>0.671955</td>\n",
       "      <td>0.764870</td>\n",
       "      <td>0.866178</td>\n",
       "      <td>0.887520</td>\n",
       "      <td>-0.183818</td>\n",
       "      <td>0.644157</td>\n",
       "    </tr>\n",
       "    <tr>\n",
       "      <th>cement</th>\n",
       "      <td>0.560346</td>\n",
       "      <td>0.655323</td>\n",
       "      <td>0.383982</td>\n",
       "      <td>0.688507</td>\n",
       "      <td>0.671955</td>\n",
       "      <td>1.000000</td>\n",
       "      <td>0.508924</td>\n",
       "      <td>0.676970</td>\n",
       "      <td>0.560346</td>\n",
       "      <td>0.078372</td>\n",
       "      <td>0.524438</td>\n",
       "    </tr>\n",
       "    <tr>\n",
       "      <th>flaring</th>\n",
       "      <td>0.747577</td>\n",
       "      <td>0.540330</td>\n",
       "      <td>0.206349</td>\n",
       "      <td>0.282103</td>\n",
       "      <td>0.764870</td>\n",
       "      <td>0.508924</td>\n",
       "      <td>1.000000</td>\n",
       "      <td>0.752595</td>\n",
       "      <td>0.747577</td>\n",
       "      <td>-0.516797</td>\n",
       "      <td>0.588717</td>\n",
       "    </tr>\n",
       "    <tr>\n",
       "      <th>other</th>\n",
       "      <td>0.790370</td>\n",
       "      <td>0.842116</td>\n",
       "      <td>0.584574</td>\n",
       "      <td>0.680769</td>\n",
       "      <td>0.866178</td>\n",
       "      <td>0.676970</td>\n",
       "      <td>0.752595</td>\n",
       "      <td>1.000000</td>\n",
       "      <td>0.790370</td>\n",
       "      <td>-0.069648</td>\n",
       "      <td>0.608689</td>\n",
       "    </tr>\n",
       "    <tr>\n",
       "      <th>population</th>\n",
       "      <td>1.000000</td>\n",
       "      <td>0.789371</td>\n",
       "      <td>0.503332</td>\n",
       "      <td>0.578318</td>\n",
       "      <td>0.887520</td>\n",
       "      <td>0.560346</td>\n",
       "      <td>0.747577</td>\n",
       "      <td>0.790370</td>\n",
       "      <td>1.000000</td>\n",
       "      <td>-0.371126</td>\n",
       "      <td>0.792702</td>\n",
       "    </tr>\n",
       "    <tr>\n",
       "      <th>per_capita</th>\n",
       "      <td>-0.371126</td>\n",
       "      <td>0.096616</td>\n",
       "      <td>0.273295</td>\n",
       "      <td>0.367848</td>\n",
       "      <td>-0.183818</td>\n",
       "      <td>0.078372</td>\n",
       "      <td>-0.516797</td>\n",
       "      <td>-0.069648</td>\n",
       "      <td>-0.371126</td>\n",
       "      <td>1.000000</td>\n",
       "      <td>-0.353199</td>\n",
       "    </tr>\n",
       "    <tr>\n",
       "      <th>temp_change</th>\n",
       "      <td>0.792702</td>\n",
       "      <td>0.637017</td>\n",
       "      <td>0.407298</td>\n",
       "      <td>0.479006</td>\n",
       "      <td>0.644157</td>\n",
       "      <td>0.524438</td>\n",
       "      <td>0.588717</td>\n",
       "      <td>0.608689</td>\n",
       "      <td>0.792702</td>\n",
       "      <td>-0.353199</td>\n",
       "      <td>1.000000</td>\n",
       "    </tr>\n",
       "  </tbody>\n",
       "</table>\n",
       "</div>"
      ],
      "text/plain": [
       "                 year     total      coal       oil       gas    cement  \\\n",
       "year         1.000000  0.789371  0.503332  0.578318  0.887520  0.560346   \n",
       "total        0.789371  1.000000  0.867266  0.836912  0.733527  0.655323   \n",
       "coal         0.503332  0.867266  1.000000  0.631782  0.356478  0.383982   \n",
       "oil          0.578318  0.836912  0.631782  1.000000  0.650079  0.688507   \n",
       "gas          0.887520  0.733527  0.356478  0.650079  1.000000  0.671955   \n",
       "cement       0.560346  0.655323  0.383982  0.688507  0.671955  1.000000   \n",
       "flaring      0.747577  0.540330  0.206349  0.282103  0.764870  0.508924   \n",
       "other        0.790370  0.842116  0.584574  0.680769  0.866178  0.676970   \n",
       "population   1.000000  0.789371  0.503332  0.578318  0.887520  0.560346   \n",
       "per_capita  -0.371126  0.096616  0.273295  0.367848 -0.183818  0.078372   \n",
       "temp_change  0.792702  0.637017  0.407298  0.479006  0.644157  0.524438   \n",
       "\n",
       "              flaring     other  population  per_capita  temp_change  \n",
       "year         0.747577  0.790370    1.000000   -0.371126     0.792702  \n",
       "total        0.540330  0.842116    0.789371    0.096616     0.637017  \n",
       "coal         0.206349  0.584574    0.503332    0.273295     0.407298  \n",
       "oil          0.282103  0.680769    0.578318    0.367848     0.479006  \n",
       "gas          0.764870  0.866178    0.887520   -0.183818     0.644157  \n",
       "cement       0.508924  0.676970    0.560346    0.078372     0.524438  \n",
       "flaring      1.000000  0.752595    0.747577   -0.516797     0.588717  \n",
       "other        0.752595  1.000000    0.790370   -0.069648     0.608689  \n",
       "population   0.747577  0.790370    1.000000   -0.371126     0.792702  \n",
       "per_capita  -0.516797 -0.069648   -0.371126    1.000000    -0.353199  \n",
       "temp_change  0.588717  0.608689    0.792702   -0.353199     1.000000  "
      ]
     },
     "execution_count": 134,
     "metadata": {},
     "output_type": "execute_result"
    }
   ],
   "source": [
    "df[df['country'] == \"USA\"].corr(method='spearman')"
   ]
  },
  {
   "cell_type": "code",
   "execution_count": 135,
   "id": "bfc5b99d",
   "metadata": {},
   "outputs": [
    {
     "data": {
      "text/html": [
       "<div>\n",
       "<style scoped>\n",
       "    .dataframe tbody tr th:only-of-type {\n",
       "        vertical-align: middle;\n",
       "    }\n",
       "\n",
       "    .dataframe tbody tr th {\n",
       "        vertical-align: top;\n",
       "    }\n",
       "\n",
       "    .dataframe thead th {\n",
       "        text-align: right;\n",
       "    }\n",
       "</style>\n",
       "<table border=\"1\" class=\"dataframe\">\n",
       "  <thead>\n",
       "    <tr style=\"text-align: right;\">\n",
       "      <th></th>\n",
       "      <th>year</th>\n",
       "      <th>total</th>\n",
       "      <th>coal</th>\n",
       "      <th>oil</th>\n",
       "      <th>gas</th>\n",
       "      <th>cement</th>\n",
       "      <th>flaring</th>\n",
       "      <th>other</th>\n",
       "      <th>population</th>\n",
       "      <th>per_capita</th>\n",
       "      <th>temp_change</th>\n",
       "    </tr>\n",
       "  </thead>\n",
       "  <tbody>\n",
       "    <tr>\n",
       "      <th>year</th>\n",
       "      <td>1.000000</td>\n",
       "      <td>0.996668</td>\n",
       "      <td>0.992015</td>\n",
       "      <td>0.996986</td>\n",
       "      <td>0.991433</td>\n",
       "      <td>0.998414</td>\n",
       "      <td>0.287375</td>\n",
       "      <td>0.985721</td>\n",
       "      <td>1.000000</td>\n",
       "      <td>0.992702</td>\n",
       "      <td>0.863232</td>\n",
       "    </tr>\n",
       "    <tr>\n",
       "      <th>total</th>\n",
       "      <td>0.996668</td>\n",
       "      <td>1.000000</td>\n",
       "      <td>0.996721</td>\n",
       "      <td>0.995664</td>\n",
       "      <td>0.992279</td>\n",
       "      <td>0.997462</td>\n",
       "      <td>0.289355</td>\n",
       "      <td>0.984663</td>\n",
       "      <td>0.996668</td>\n",
       "      <td>0.997779</td>\n",
       "      <td>0.865321</td>\n",
       "    </tr>\n",
       "    <tr>\n",
       "      <th>coal</th>\n",
       "      <td>0.992015</td>\n",
       "      <td>0.996721</td>\n",
       "      <td>1.000000</td>\n",
       "      <td>0.990164</td>\n",
       "      <td>0.987414</td>\n",
       "      <td>0.993813</td>\n",
       "      <td>0.284855</td>\n",
       "      <td>0.981543</td>\n",
       "      <td>0.992015</td>\n",
       "      <td>0.998308</td>\n",
       "      <td>0.853766</td>\n",
       "    </tr>\n",
       "    <tr>\n",
       "      <th>oil</th>\n",
       "      <td>0.996986</td>\n",
       "      <td>0.995664</td>\n",
       "      <td>0.990164</td>\n",
       "      <td>1.000000</td>\n",
       "      <td>0.995135</td>\n",
       "      <td>0.996034</td>\n",
       "      <td>0.288575</td>\n",
       "      <td>0.986620</td>\n",
       "      <td>0.996986</td>\n",
       "      <td>0.992173</td>\n",
       "      <td>0.865479</td>\n",
       "    </tr>\n",
       "    <tr>\n",
       "      <th>gas</th>\n",
       "      <td>0.991433</td>\n",
       "      <td>0.992279</td>\n",
       "      <td>0.987414</td>\n",
       "      <td>0.995135</td>\n",
       "      <td>1.000000</td>\n",
       "      <td>0.989847</td>\n",
       "      <td>0.305974</td>\n",
       "      <td>0.978740</td>\n",
       "      <td>0.991433</td>\n",
       "      <td>0.989001</td>\n",
       "      <td>0.870979</td>\n",
       "    </tr>\n",
       "    <tr>\n",
       "      <th>cement</th>\n",
       "      <td>0.998414</td>\n",
       "      <td>0.997462</td>\n",
       "      <td>0.993813</td>\n",
       "      <td>0.996034</td>\n",
       "      <td>0.989847</td>\n",
       "      <td>1.000000</td>\n",
       "      <td>0.288575</td>\n",
       "      <td>0.984822</td>\n",
       "      <td>0.998414</td>\n",
       "      <td>0.994976</td>\n",
       "      <td>0.865083</td>\n",
       "    </tr>\n",
       "    <tr>\n",
       "      <th>flaring</th>\n",
       "      <td>0.287375</td>\n",
       "      <td>0.289355</td>\n",
       "      <td>0.284855</td>\n",
       "      <td>0.288575</td>\n",
       "      <td>0.305974</td>\n",
       "      <td>0.288575</td>\n",
       "      <td>1.000000</td>\n",
       "      <td>0.281511</td>\n",
       "      <td>0.287375</td>\n",
       "      <td>0.288275</td>\n",
       "      <td>0.192526</td>\n",
       "    </tr>\n",
       "    <tr>\n",
       "      <th>other</th>\n",
       "      <td>0.985721</td>\n",
       "      <td>0.984663</td>\n",
       "      <td>0.981543</td>\n",
       "      <td>0.986620</td>\n",
       "      <td>0.978740</td>\n",
       "      <td>0.984822</td>\n",
       "      <td>0.281511</td>\n",
       "      <td>1.000000</td>\n",
       "      <td>0.985721</td>\n",
       "      <td>0.982495</td>\n",
       "      <td>0.848919</td>\n",
       "    </tr>\n",
       "    <tr>\n",
       "      <th>population</th>\n",
       "      <td>1.000000</td>\n",
       "      <td>0.996668</td>\n",
       "      <td>0.992015</td>\n",
       "      <td>0.996986</td>\n",
       "      <td>0.991433</td>\n",
       "      <td>0.998414</td>\n",
       "      <td>0.287375</td>\n",
       "      <td>0.985721</td>\n",
       "      <td>1.000000</td>\n",
       "      <td>0.992702</td>\n",
       "      <td>0.863232</td>\n",
       "    </tr>\n",
       "    <tr>\n",
       "      <th>per_capita</th>\n",
       "      <td>0.992702</td>\n",
       "      <td>0.997779</td>\n",
       "      <td>0.998308</td>\n",
       "      <td>0.992173</td>\n",
       "      <td>0.989001</td>\n",
       "      <td>0.994976</td>\n",
       "      <td>0.288275</td>\n",
       "      <td>0.982495</td>\n",
       "      <td>0.992702</td>\n",
       "      <td>1.000000</td>\n",
       "      <td>0.860984</td>\n",
       "    </tr>\n",
       "    <tr>\n",
       "      <th>temp_change</th>\n",
       "      <td>0.863232</td>\n",
       "      <td>0.865321</td>\n",
       "      <td>0.853766</td>\n",
       "      <td>0.865479</td>\n",
       "      <td>0.870979</td>\n",
       "      <td>0.865083</td>\n",
       "      <td>0.192526</td>\n",
       "      <td>0.848919</td>\n",
       "      <td>0.863232</td>\n",
       "      <td>0.860984</td>\n",
       "      <td>1.000000</td>\n",
